Cabauw_10km (51.97N, 4.90E): 2017-08-19 00:00:00 to 2017-08-20 00:00:00
      z (m)            thl (K)        qt (kg kg-1)        u (m s-1)         v (m s-1)       tke (m2 s-2)    
+1.0024089399E+01 +2.8533082069E+02 +8.0903833732E-03 +2.2710506916E+00 +3.7286953926E+00 +1.0000000000E-01 
+3.0074783933E+01 +2.8579009836E+02 +8.0682970702E-03 +3.3209237759E+00 +4.8586043722E+00 +1.0000000000E-01 
+5.0130772545E+01 +2.8621439677E+02 +8.0405066959E-03 +4.3337296598E+00 +5.7929467643E+00 +1.0000000000E-01 
+7.0192607838E+01 +2.8654897416E+02 +8.0094897789E-03 +5.1853156787E+00 +6.4160364573E+00 +1.0000000000E-01 
+9.0260900036E+01 +2.8682949119E+02 +7.9751516112E-03 +5.9467708551E+00 +6.8587920383E+00 +1.0000000000E-01 
+1.1033632298E+02 +2.8705947159E+02 +7.9365535690E-03 +6.6143322230E+00 +7.1262357637E+00 +1.0000000000E-01 
+1.3041962076E+02 +2.8726835976E+02 +7.8949568567E-03 +7.2306062816E+00 +7.3049290823E+00 +1.0000000000E-01 
+1.5051161499E+02 +2.8746252312E+02 +7.8508559058E-03 +7.8046445693E+00 +7.4145323568E+00 +1.0000000000E-01 
+1.7061321289E+02 +2.8764081687E+02 +7.8029398015E-03 +8.3152448701E+00 +7.4309662652E+00 +1.0000000000E-01 
+1.9072541615E+02 +2.8781092046E+02 +7.7524989188E-03 +8.7691128294E+00 +7.3861220130E+00 +1.0000000000E-01 
+2.1084933076E+02 +2.8797665106E+02 +7.7006084624E-03 +9.1908569930E+00 +7.3064287918E+00 +1.0000000000E-01 
+2.3098617782E+02 +2.8812701151E+02 +7.6472477036E-03 +9.5251172744E+00 +7.1585353430E+00 +1.0000000000E-01 
+2.5113730546E+02 +2.8827340350E+02 +7.5940440850E-03 +9.8443092352E+00 +7.0007635596E+00 +1.0000000000E-01 
+2.7130420200E+02 +2.8839781785E+02 +7.5422537709E-03 +1.0096946080E+01 +6.8030719203E+00 +1.0000000000E-01 
+2.9148851045E+02 +2.8851753003E+02 +7.4910409488E-03 +1.0338923060E+01 +6.6009290468E+00 +1.0000000000E-01 
+3.1169204450E+02 +2.8861473145E+02 +7.4424834544E-03 +1.0533854866E+01 +6.3799903975E+00 +1.0000000000E-01 
+3.3191680614E+02 +2.8871111848E+02 +7.3941506037E-03 +1.0727113282E+01 +6.1586871428E+00 +1.0000000000E-01 
+3.5216500503E+02 +2.8878614218E+02 +7.3501118188E-03 +1.0890956797E+01 +5.9350370256E+00 +1.0000000000E-01 
+3.7243907997E+02 +2.8886170709E+02 +7.3060167549E-03 +1.1055009694E+01 +5.7111010964E+00 +1.0000000000E-01 
+3.9274172236E+02 +2.8892569550E+02 +7.2659257965E-03 +1.1213936233E+01 +5.4978003333E+00 +1.0000000000E-01 
+4.1307590215E+02 +2.8898620112E+02 +7.2271174205E-03 +1.1371337711E+01 +5.2877900475E+00 +1.0000000000E-01 
+4.3344489638E+02 +2.8904448161E+02 +7.1894834690E-03 +1.1531202686E+01 +5.0823520692E+00 +1.0000000000E-01 
+4.5385232056E+02 +2.8909498095E+02 +7.1555167845E-03 +1.1697978997E+01 +4.8913843584E+00 +1.0000000000E-01 
+4.7430216316E+02 +2.8914600553E+02 +7.1214794977E-03 +1.1865101965E+01 +4.7000197063E+00 +1.0000000000E-01 
+4.9479882356E+02 +2.8919227571E+02 +7.0893657652E-03 +1.2038365640E+01 +4.5224087691E+00 +1.0000000000E-01 
+5.1534715367E+02 +2.8923457618E+02 +7.0588724960E-03 +1.2216960937E+01 +4.3564142879E+00 +1.0000000000E-01 
+5.3595250374E+02 +2.8927741028E+02 +7.0282946104E-03 +1.2396051823E+01 +4.1899591853E+00 +1.0000000000E-01 
+5.5662077250E+02 +2.8931451915E+02 +6.9975657260E-03 +1.2575961940E+01 +4.0431078471E+00 +1.0000000000E-01 
+5.7735846219E+02 +2.8934825079E+02 +6.9666977033E-03 +1.2756646140E+01 +3.9083009747E+00 +1.0000000000E-01 
+5.9817273888E+02 +2.8938252030E+02 +6.9357156810E-03 +1.2937997630E+01 +3.7729962430E+00 +1.0000000000E-01 
+6.1907149840E+02 +2.8941184440E+02 +6.9039234303E-03 +1.3108826758E+01 +3.6555009472E+00 +1.0000000000E-01 
+6.4006343856E+02 +2.8943550727E+02 +6.8712181648E-03 +1.3267731596E+01 +3.5581681800E+00 +1.0000000000E-01 
+6.6115813793E+02 +2.8945969632E+02 +6.8383528013E-03 +1.3427414301E+01 +3.4603589519E+00 +1.0000000000E-01 
+6.8236614184E+02 +2.8948312383E+02 +6.8055294125E-03 +1.3582446405E+01 +3.3662298068E+00 +1.0000000000E-01 
+7.0369905608E+02 +2.8949595768E+02 +6.7743731244E-03 +1.3691491599E+01 +3.3073532050E+00 +1.0000000000E-01 
+7.2516964883E+02 +2.8950928358E+02 +6.7430157595E-03 +1.3801240549E+01 +3.2480966250E+00 +1.0000000000E-01 
+7.4679196136E+02 +2.8952312128E+02 +6.7114368111E-03 +1.3911765030E+01 +3.1884213143E+00 +1.0000000000E-01 
+7.6858142802E+02 +2.8953263261E+02 +6.6833523332E-03 +1.3995934787E+01 +3.1422014774E+00 +1.0000000000E-01 
+7.9055500606E+02 +2.8953835516E+02 +6.6583312169E-03 +1.4056793826E+01 +3.1078777147E+00 +1.0000000000E-01 
+8.1273131570E+02 +2.8954455809E+02 +6.6330792520E-03 +1.4118214361E+01 +3.0732372756E+00 +1.0000000000E-01 
+8.3513079089E+02 +2.8955126248E+02 +6.6075731705E-03 +1.4180252986E+01 +3.0382482415E+00 +1.0000000000E-01 
+8.5777584107E+02 +2.8955458324E+02 +6.5874721219E-03 +1.4216366138E+01 +3.0130653411E+00 +1.0000000000E-01 
+8.8069102417E+02 +2.8955727553E+02 +6.5687607838E-03 +1.4245283646E+01 +2.9905028962E+00 +1.0000000000E-01 
+9.0390323081E+02 +2.8956046827E+02 +6.5498069119E-03 +1.4274575978E+01 +2.9676480000E+00 +1.0000000000E-01 
+9.2744187965E+02 +2.8956418784E+02 +6.5305864844E-03 +1.4304280260E+01 +2.9444716865E+00 +1.0000000000E-01 
+9.5133912352E+02 +2.8956583503E+02 +6.5116322532E-03 +1.4320719588E+01 +2.9238048367E+00 +1.0000000000E-01 
+9.7563006548E+02 +2.8956769148E+02 +6.4924349821E-03 +1.4335731056E+01 +2.9031519882E+00 +1.0000000000E-01 
+1.0003529839E+03 +2.8957010976E+02 +6.4728963176E-03 +1.4351009480E+01 +2.8821318611E+00 +1.0000000000E-01 
+1.0255495650E+03 +2.8957312751E+02 +6.4529833148E-03 +1.4366580620E+01 +2.8607090126E+00 +1.0000000000E-01 
+1.0512651404E+03 +2.8957345826E+02 +6.4352069419E-03 +1.4373352424E+01 +2.8405015446E+00 +1.0000000000E-01 
+1.0775489281E+03 +2.8957416898E+02 +6.4172072147E-03 +1.4379667118E+01 +2.8199577848E+00 +1.0000000000E-01 
+1.1044542713E+03 +2.8957552320E+02 +6.3987818322E-03 +1.4386131141E+01 +2.7989282089E+00 +1.0000000000E-01 
+1.1320388739E+03 +2.8957750482E+02 +6.3798955444E-03 +1.4392719505E+01 +2.7773471555E+00 +1.0000000000E-01 
+1.1603650240E+03 +2.8957022086E+02 +6.3611062698E-03 +1.4393978470E+01 +2.7522720446E+00 +1.0000000000E-01 
+1.1894998017E+03 +2.8956344653E+02 +6.3417806171E-03 +1.4395273375E+01 +2.7264811136E+00 +1.0000000000E-01 
+1.2195152632E+03 +2.8955723544E+02 +6.3218707901E-03 +1.4396607422E+01 +2.6999105763E+00 +1.0000000000E-01 
+1.2504885918E+03 +2.8955769983E+02 +6.2961460505E-03 +1.4396392583E+01 +2.6685437285E+00 +1.0000000000E-01 
+1.2825022073E+03 +2.8958621032E+02 +6.2463440848E-03 +1.4389038065E+01 +2.6184278697E+00 +1.0000000000E-01 
+1.3156438219E+03 +2.8961674570E+02 +6.1947873478E-03 +1.4381424411E+01 +2.5665461795E+00 +1.0000000000E-01 
+1.3500064321E+03 +2.8964951342E+02 +6.1413311695E-03 +1.4373530255E+01 +2.5127530763E+00 +1.0000000000E-01 
+1.3856882320E+03 +2.8984259607E+02 +5.9114439135E-03 +1.4334785993E+01 +2.3700885930E+00 +1.0000000000E-01 
+1.4227924367E+03 +2.9018210591E+02 +5.5212229635E-03 +1.4268015918E+01 +2.1464844001E+00 +1.0000000000E-01 
+1.4614270006E+03 +2.9053786504E+02 +5.1149073886E-03 +1.4198491918E+01 +1.9136576741E+00 +1.0000000000E-01 
+1.5017042195E+03 +2.9089410673E+02 +4.7172809628E-03 +1.4142284732E+01 +1.6844297792E+00 +1.0000000000E-01 
+1.5437402025E+03 +2.9112064392E+02 +4.5263857984E-03 +1.4224069004E+01 +1.5616903794E+00 +1.0000000000E-01 
+1.5876542056E+03 +2.9135970912E+02 +4.3269621082E-03 +1.4309507111E+01 +1.4334674140E+00 +1.0000000000E-01 
+1.6335678191E+03 +2.9161232445E+02 +4.1184577229E-03 +1.4398835615E+01 +1.2994058563E+00 +1.0000000000E-01 
+1.6816040049E+03 +2.9184137902E+02 +3.9176490170E-03 +1.4714222790E+01 +1.4187766849E+00 +1.0000000000E-01 
+1.7318859862E+03 +2.9207922558E+02 +3.7097094198E-03 +1.5073254805E+01 +1.5775376198E+00 +1.0000000000E-01 
+1.7845359975E+03 +2.9233166059E+02 +3.4919769072E-03 +1.5449195432E+01 +1.7437754011E+00 +1.0000000000E-01 
+1.8396739067E+03 +2.9269108024E+02 +3.1850147390E-03 +1.5968757588E+01 +1.8542027641E+00 +1.0000000000E-01 
+1.8974157331E+03 +2.9308474378E+02 +2.8525147344E-03 +1.6530459809E+01 +1.9609402703E+00 +1.0000000000E-01 
+1.9578720880E+03 +2.9349958457E+02 +2.5136397429E-03 +1.7100406449E+01 +2.0659355734E+00 +1.0000000000E-01 
+2.0211465748E+03 +2.9390397929E+02 +2.2965742789E-03 +1.7426921334E+01 +2.0753286553E+00 +1.0000000000E-01 
+2.0873341893E+03 +2.9433288926E+02 +2.0695152230E-03 +1.7768468811E+01 +2.0851541903E+00 +1.0000000000E-01 
+2.1565197674E+03 +2.9476831216E+02 +1.8795469495E-03 +1.7962188987E+01 +2.0863330637E+00 +1.0000000000E-01 
+2.2287765305E+03 +2.9520166560E+02 +1.7501295028E-03 +1.7926729766E+01 +2.0743257756E+00 +1.0000000000E-01 
+2.3041647765E+03 +2.9566141155E+02 +1.6151033281E-03 +1.7889733804E+01 +2.0617981124E+00 +1.0000000000E-01 
+2.3827307665E+03 +2.9609425940E+02 +1.5129281401E-03 +1.7780296203E+01 +2.2258001511E+00 +1.0000000000E-01 
+2.4645058475E+03 +2.9654693000E+02 +1.4112223209E-03 +1.7657850143E+01 +2.4178291724E+00 +1.0000000000E-01 
+2.5495058475E+03 +2.9695648440E+02 +1.3410320876E-03 +1.7597004537E+01 +2.7388207256E+00 +1.0000000000E-01 
+2.6377307665E+03 +2.9731421770E+02 +1.3069406578E-03 +1.7606329322E+01 +3.2044350892E+00 +1.0000000000E-01 
+2.7291647765E+03 +2.9767293948E+02 +1.2864523352E-03 +1.7631638466E+01 +3.7031984985E+00 +1.0000000000E-01 
+2.8237765305E+03 +2.9792945606E+02 +1.3484125964E-03 +1.7745481347E+01 +4.3101304830E+00 +1.0000000000E-01 
+2.9215197674E+03 +2.9820542974E+02 +1.4124236334E-03 +1.7863092227E+01 +4.9371508506E+00 +1.0000000000E-01 
+3.0223341893E+03 +2.9844149213E+02 +1.5655623424E-03 +1.7968019617E+01 +5.4951126250E+00 +1.0000000000E-01 
+3.1261465748E+03 +2.9868888303E+02 +1.7345818609E-03 +1.8073937693E+01 +6.0581261799E+00 +1.0000000000E-01 
+3.2328720880E+03 +2.9897618656E+02 +1.9098382059E-03 +1.8152599833E+01 +6.4906624985E+00 +1.0000000000E-01 
+3.3424157331E+03 +2.9929538963E+02 +2.0904930777E-03 +1.8217742125E+01 +6.8591453191E+00 +1.0000000000E-01 
+3.4546739067E+03 +2.9968627875E+02 +2.2161797967E-03 +1.8321425142E+01 +7.1109716221E+00 +1.0000000000E-01 
+3.5695359975E+03 +3.0015944239E+02 +2.2754847211E-03 +1.8470559821E+01 +7.2220036130E+00 +1.0000000000E-01 
+3.6868859862E+03 +3.0066638213E+02 +2.3107842711E-03 +1.8646586232E+01 +7.2476840098E+00 +1.0000000000E-01 
+3.8066040049E+03 +3.0121693087E+02 +2.2798376358E-03 +1.8888811768E+01 +7.0415351834E+00 +1.0000000000E-01 
+3.9285678191E+03 +3.0178341295E+02 +2.2398852580E-03 +1.9127833726E+01 +6.8490992396E+00 +1.0000000000E-01 
+4.0526542056E+03 +3.0221561819E+02 +2.1049386242E-03 +1.9284301822E+01 +6.8500783369E+00 +1.0000000000E-01 
+4.1787402025E+03 +3.0267538738E+02 +1.9678173708E-03 +1.9443291349E+01 +6.8510732120E+00 +1.0000000000E-01 
+4.3067042195E+03 +3.0303582516E+02 +1.7634619792E-03 +1.9696960618E+01 +7.3604438310E+00 +1.0000000000E-01 
+4.4364270006E+03 +3.0340363362E+02 +1.5467577434E-03 +1.9967625226E+01 +7.9512087304E+00 +1.0000000000E-01 
+4.5677924367E+03 +3.0380316339E+02 +1.3358735663E-03 +2.0333655394E+01 +8.5644389893E+00 +1.0000000000E-01 
+4.7006882320E+03 +3.0423297688E+02 +1.1274092930E-03 +2.0756301473E+01 +9.1933457538E+00 +1.0000000000E-01 
+4.8350064321E+03 +3.0465572734E+02 +9.5926096737E-04 +2.1143204468E+01 +9.7740097937E+00 +1.0000000000E-01 
+4.9706438219E+03 +3.0504503912E+02 +8.6252189336E-04 +2.1464762589E+01 +1.0265977068E+01 +1.0000000000E-01 
+5.1075022073E+03 +3.0545441105E+02 +7.6727826261E-04 +2.1790273117E+01 +1.0752311142E+01 +1.0000000000E-01 
+5.2454885918E+03 +3.0574709799E+02 +7.1184083841E-04 +2.2136611544E+01 +1.1070052517E+01 +1.0000000000E-01 
+5.3845152632E+03 +3.0606692077E+02 +6.5598546847E-04 +2.2485561036E+01 +1.1390189361E+01 +1.0000000000E-01 
+5.5244998017E+03 +3.0634484058E+02 +6.1299212522E-04 +2.2827760098E+01 +1.1685025584E+01 +1.0000000000E-01 
+5.6653650240E+03 +3.0661823003E+02 +5.7572664346E-04 +2.3167966704E+01 +1.1969261507E+01 +1.0000000000E-01 
+5.8070388739E+03 +3.0689649125E+02 +5.4105210215E-04 +2.3500036706E+01 +1.2245025739E+01 +1.0000000000E-01 
+5.9494542713E+03 +3.0713669800E+02 +5.1408757699E-04 +2.3805457785E+01 +1.2493807530E+01 +1.0000000000E-01 
+6.0925489281E+03 +3.0740518403E+02 +4.8699444280E-04 +2.4112335589E+01 +1.2743775903E+01 +1.0000000000E-01 
+6.2362651404E+03 +3.0761829822E+02 +4.6046500909E-04 +2.4349744308E+01 +1.2942024349E+01 +1.0000000000E-01 
+6.3805495650E+03 +3.0783405334E+02 +4.3403589851E-04 +2.4566768176E+01 +1.3125153088E+01 +1.0000000000E-01 
+6.5253529839E+03 +3.0805742867E+02 +4.0583133655E-04 +2.4758443049E+01 +1.3313183305E+01 +1.0000000000E-01 
+6.6706300655E+03 +3.0822219003E+02 +3.7080226129E-04 +2.4846059779E+01 +1.3518826673E+01 +1.0000000000E-01 
+6.8163391235E+03 +3.0841602043E+02 +3.3566902827E-04 +2.4933937035E+01 +1.3725081515E+01 +1.0000000000E-01 
+6.9624418796E+03 +3.0859817632E+02 +2.9868887651E-04 +2.4869381214E+01 +1.3962948295E+01 +1.0000000000E-01 
+7.1089032308E+03 +3.0877527058E+02 +2.6017644511E-04 +2.4679051603E+01 +1.4226950262E+01 +1.0000000000E-01 
+7.2556910242E+03 +3.0898315462E+02 +2.2157817480E-04 +2.4488297774E+01 +1.4491540652E+01 +1.0000000000E-01 
+7.4027758411E+03 +3.0919376682E+02 +1.9410498995E-04 +2.4207973625E+01 +1.4767357472E+01 +1.0000000000E-01 
+7.5501307909E+03 +3.0942883899E+02 +1.6924784956E-04 +2.3905907637E+01 +1.5046225452E+01 +1.0000000000E-01 
+7.6977313157E+03 +3.0969701179E+02 +1.4434928341E-04 +2.3603338239E+01 +1.5325558180E+01 +1.0000000000E-01 
+7.8455550061E+03 +3.1003191190E+02 +1.3034688663E-04 +2.3604504583E+01 +1.5612404519E+01 +1.0000000000E-01 
+7.9935814280E+03 +3.1040230666E+02 +1.1668848472E-04 +2.3615777186E+01 +1.5899879807E+01 +1.0000000000E-01 
+8.1417919614E+03 +3.1081412560E+02 +1.0306617968E-04 +2.3634859961E+01 +1.6186538383E+01 +1.0000000000E-01 
+8.2901696488E+03 +3.1154890391E+02 +9.2427680699E-05 +2.4094428651E+01 +1.6407176902E+01 +1.0000000000E-01 
+8.4386990561E+03 +3.1232463669E+02 +8.1778303598E-05 +2.4554467261E+01 +1.6628041030E+01 +1.0000000000E-01 
+8.5873661418E+03 +3.1314359255E+02 +7.1119055116E-05 +2.5014932301E+01 +1.6849109886E+01 +1.0000000000E-01 
+8.7361581379E+03 +3.1452172423E+02 +6.2722454293E-05 +2.5402984288E+01 +1.6975148538E+01 +1.0000000000E-01 
+8.8850634386E+03 +3.1598420699E+02 +5.4468426956E-05 +2.5786557693E+01 +1.7095039086E+01 +1.0000000000E-01 
+9.0340714984E+03 +3.1750013460E+02 +4.6208703534E-05 +2.6170395801E+01 +1.7215012371E+01 +1.0000000000E-01 
+9.1831727389E+03 +3.1948130287E+02 +4.0222946276E-05 +2.6217286456E+01 +1.7203193598E+01 +1.0000000000E-01 
+9.3323584622E+03 +3.2169709616E+02 +3.5205336676E-05 +2.6120468704E+01 +1.7135156340E+01 +1.0000000000E-01 
+9.4816207725E+03 +3.2397651250E+02 +3.0185151202E-05 +2.6023601250E+01 +1.7067084153E+01 +1.0000000000E-01 
+9.6309525037E+03 +3.2637187327E+02 +2.5841624238E-05 +2.5818020928E+01 +1.6949299015E+01 +1.0000000000E-01 
+9.7803471537E+03 +3.2897114203E+02 +2.3398994463E-05 +2.5307836709E+01 +1.6692243526E+01 +1.0000000000E-01 
+9.9297988236E+03 +3.3163808409E+02 +2.0955432401E-05 +2.4797457766E+01 +1.6435089926E+01 +1.0000000000E-01 
+1.0079302163E+04 +3.3437613934E+02 +1.8511025530E-05 +2.4286902370E+01 +1.6177847421E+01 +1.0000000000E-01 
+1.0228852321E+04 +3.3698841345E+02 +1.6608934501E-05 +2.3820987050E+01 +1.6091669373E+01 +1.0000000000E-01 
+1.0378444896E+04 +3.3952105604E+02 +1.5104004060E-05 +2.3387746725E+01 +1.6130796896E+01 +1.0000000000E-01 
+1.0528075902E+04 +3.4212121886E+02 +1.3598687007E-05 +2.2954395101E+01 +1.6169934470E+01 +1.0000000000E-01 
+1.0677741722E+04 +3.4479237308E+02 +1.2093019713E-05 +2.2520942650E+01 +1.6209081150E+01 +1.0000000000E-01 
+1.0827439080E+04 +3.4726205119E+02 +1.0817125879E-05 +2.2336964105E+01 +1.6304349842E+01 +1.0000000000E-01 
+1.0977165005E+04 +3.4961680898E+02 +9.6912577081E-06 +2.2315938140E+01 +1.6436283855E+01 +1.0000000000E-01 
+1.1126916806E+04 +3.5203703902E+02 +8.5651949617E-06 +2.2294908540E+01 +1.6568240670E+01 +1.0000000000E-01 
+1.1276692045E+04 +3.5452612848E+02 +7.4389559782E-06 +2.2273875650E+01 +1.6700218137E+01 +1.0000000000E-01 
+1.1426488510E+04 +3.5695593980E+02 +6.4517662718E-06 +2.2293286148E+01 +1.6701930031E+01 +1.0000000000E-01 
+1.1576304202E+04 +3.5916190023E+02 +5.7702811217E-06 +2.2401556708E+01 +1.6417417591E+01 +1.0000000000E-01 
+1.1726137305E+04 +3.6143117734E+02 +5.0887167678E-06 +2.2509839850E+01 +1.6132872085E+01 +1.0000000000E-01 
+1.1875986178E+04 +3.6376703898E+02 +4.4070806840E-06 +2.2618134389E+01 +1.5848296632E+01 +1.0000000000E-01 
+1.2025849331E+04 +3.6617300439E+02 +3.7253796404E-06 +2.2726439248E+01 +1.5563694060E+01 +1.0000000000E-01 
+1.2175725416E+04 +3.6828989972E+02 +3.4277228105E-06 +2.2308562560E+01 +1.5260619856E+01 +1.0000000000E-01 
+1.2325613213E+04 +3.7027395281E+02 +3.3364496575E-06 +2.1607891984E+01 +1.4947608996E+01 +1.0000000000E-01 
+1.2475511615E+04 +3.7232004556E+02 +3.2451700465E-06 +2.0907171832E+01 +1.4634575989E+01 +1.0000000000E-01 
+1.2625419621E+04 +3.7443143809E+02 +3.1538845875E-06 +2.0206406787E+01 +1.4321522926E+01 +1.0000000000E-01 
+1.2775336323E+04 +3.7661164267E+02 +3.0625938327E-06 +1.9505601089E+01 +1.4008451703E+01 +1.0000000000E-01 
+1.2925260900E+04 +3.7850383916E+02 +3.0208575260E-06 +1.8700090412E+01 +1.3787839110E+01 +1.0000000000E-01 
+1.3075192608E+04 +3.8014370420E+02 +3.0220941989E-06 +1.7803779127E+01 +1.3647405163E+01 +1.0000000000E-01 
+1.3225130773E+04 +3.8184211736E+02 +3.0233309251E-06 +1.6907429242E+01 +1.3506965169E+01 +1.0000000000E-01 
+1.3375074784E+04 +3.8360220222E+02 +3.0245676996E-06 +1.6011044404E+01 +1.3366519699E+01 +1.0000000000E-01 
+1.3525024089E+04 +3.8542732461E+02 +3.0258045177E-06 +1.5114627917E+01 +1.3226069270E+01 +1.0000000000E-01 
