Eindhoven (51.47N, 5.43E), 2016-08-17 05:00:00 to 2016-08-17 18:00:00
     height              ug                vg               wfls             dqtdxls           dqtdyls           dqtdtls           dthldt       
+1.0002045555E+01 +0.0000000000E+00 +0.0000000000E+00 +0.0000000000E+00 +0.0000000000E+00 +0.0000000000E+00 +0.0000000000E+00 +0.0000000000E+00 
+3.0006349986E+01 +0.0000000000E+00 +0.0000000000E+00 +0.0000000000E+00 +0.0000000000E+00 +0.0000000000E+00 +0.0000000000E+00 +0.0000000000E+00 
+5.0011103303E+01 +0.0000000000E+00 +0.0000000000E+00 +0.0000000000E+00 +0.0000000000E+00 +0.0000000000E+00 +0.0000000000E+00 +0.0000000000E+00 
+7.0016352308E+01 +0.0000000000E+00 +0.0000000000E+00 +0.0000000000E+00 +0.0000000000E+00 +0.0000000000E+00 +0.0000000000E+00 +0.0000000000E+00 
+9.0022148684E+01 +0.0000000000E+00 +0.0000000000E+00 +0.0000000000E+00 +0.0000000000E+00 +0.0000000000E+00 +0.0000000000E+00 +0.0000000000E+00 
+1.1002854950E+02 +0.0000000000E+00 +0.0000000000E+00 +0.0000000000E+00 +0.0000000000E+00 +0.0000000000E+00 +0.0000000000E+00 +0.0000000000E+00 
+1.3003561777E+02 +0.0000000000E+00 +0.0000000000E+00 +0.0000000000E+00 +0.0000000000E+00 +0.0000000000E+00 +0.0000000000E+00 +0.0000000000E+00 
+1.5004342307E+02 +0.0000000000E+00 +0.0000000000E+00 +0.0000000000E+00 +0.0000000000E+00 +0.0000000000E+00 +0.0000000000E+00 +0.0000000000E+00 
+1.7005204224E+02 +0.0000000000E+00 +0.0000000000E+00 +0.0000000000E+00 +0.0000000000E+00 +0.0000000000E+00 +0.0000000000E+00 +0.0000000000E+00 
+1.9006156012E+02 +0.0000000000E+00 +0.0000000000E+00 +0.0000000000E+00 +0.0000000000E+00 +0.0000000000E+00 +0.0000000000E+00 +0.0000000000E+00 
+2.1007207037E+02 +0.0000000000E+00 +0.0000000000E+00 +0.0000000000E+00 +0.0000000000E+00 +0.0000000000E+00 +0.0000000000E+00 +0.0000000000E+00 
+2.3008367642E+02 +0.0000000000E+00 +0.0000000000E+00 +0.0000000000E+00 +0.0000000000E+00 +0.0000000000E+00 +0.0000000000E+00 +0.0000000000E+00 
+2.5009649248E+02 +0.0000000000E+00 +0.0000000000E+00 +0.0000000000E+00 +0.0000000000E+00 +0.0000000000E+00 +0.0000000000E+00 +0.0000000000E+00 
+2.7011064464E+02 +0.0000000000E+00 +0.0000000000E+00 +0.0000000000E+00 +0.0000000000E+00 +0.0000000000E+00 +0.0000000000E+00 +0.0000000000E+00 
+2.9012627211E+02 +0.0000000000E+00 +0.0000000000E+00 +0.0000000000E+00 +0.0000000000E+00 +0.0000000000E+00 +0.0000000000E+00 +0.0000000000E+00 
+3.1014352860E+02 +0.0000000000E+00 +0.0000000000E+00 +0.0000000000E+00 +0.0000000000E+00 +0.0000000000E+00 +0.0000000000E+00 +0.0000000000E+00 
+3.3016258382E+02 +0.0000000000E+00 +0.0000000000E+00 +0.0000000000E+00 +0.0000000000E+00 +0.0000000000E+00 +0.0000000000E+00 +0.0000000000E+00 
+3.5018362512E+02 +0.0000000000E+00 +0.0000000000E+00 +0.0000000000E+00 +0.0000000000E+00 +0.0000000000E+00 +0.0000000000E+00 +0.0000000000E+00 
+3.7020685934E+02 +0.0000000000E+00 +0.0000000000E+00 +0.0000000000E+00 +0.0000000000E+00 +0.0000000000E+00 +0.0000000000E+00 +0.0000000000E+00 
+3.9023251484E+02 +0.0000000000E+00 +0.0000000000E+00 +0.0000000000E+00 +0.0000000000E+00 +0.0000000000E+00 +0.0000000000E+00 +0.0000000000E+00 
+4.1026084370E+02 +0.0000000000E+00 +0.0000000000E+00 +0.0000000000E+00 +0.0000000000E+00 +0.0000000000E+00 +0.0000000000E+00 +0.0000000000E+00 
+4.3029212421E+02 +0.0000000000E+00 +0.0000000000E+00 +0.0000000000E+00 +0.0000000000E+00 +0.0000000000E+00 +0.0000000000E+00 +0.0000000000E+00 
+4.5032666354E+02 +0.0000000000E+00 +0.0000000000E+00 +0.0000000000E+00 +0.0000000000E+00 +0.0000000000E+00 +0.0000000000E+00 +0.0000000000E+00 
+4.7036480076E+02 +0.0000000000E+00 +0.0000000000E+00 +0.0000000000E+00 +0.0000000000E+00 +0.0000000000E+00 +0.0000000000E+00 +0.0000000000E+00 
+4.9040691014E+02 +0.0000000000E+00 +0.0000000000E+00 +0.0000000000E+00 +0.0000000000E+00 +0.0000000000E+00 +0.0000000000E+00 +0.0000000000E+00 
+5.1045340475E+02 +0.0000000000E+00 +0.0000000000E+00 +0.0000000000E+00 +0.0000000000E+00 +0.0000000000E+00 +0.0000000000E+00 +0.0000000000E+00 
+5.3050474048E+02 +0.0000000000E+00 +0.0000000000E+00 +0.0000000000E+00 +0.0000000000E+00 +0.0000000000E+00 +0.0000000000E+00 +0.0000000000E+00 
+5.5056142043E+02 +0.0000000000E+00 +0.0000000000E+00 +0.0000000000E+00 +0.0000000000E+00 +0.0000000000E+00 +0.0000000000E+00 +0.0000000000E+00 
+5.7062399981E+02 +0.0000000000E+00 +0.0000000000E+00 +0.0000000000E+00 +0.0000000000E+00 +0.0000000000E+00 +0.0000000000E+00 +0.0000000000E+00 
+5.9069309121E+02 +0.0000000000E+00 +0.0000000000E+00 +0.0000000000E+00 +0.0000000000E+00 +0.0000000000E+00 +0.0000000000E+00 +0.0000000000E+00 
+6.1076937054E+02 +0.0000000000E+00 +0.0000000000E+00 +0.0000000000E+00 +0.0000000000E+00 +0.0000000000E+00 +0.0000000000E+00 +0.0000000000E+00 
+6.3085358350E+02 +0.0000000000E+00 +0.0000000000E+00 +0.0000000000E+00 +0.0000000000E+00 +0.0000000000E+00 +0.0000000000E+00 +0.0000000000E+00 
+6.5094655268E+02 +0.0000000000E+00 +0.0000000000E+00 +0.0000000000E+00 +0.0000000000E+00 +0.0000000000E+00 +0.0000000000E+00 +0.0000000000E+00 
+6.7104918539E+02 +0.0000000000E+00 +0.0000000000E+00 +0.0000000000E+00 +0.0000000000E+00 +0.0000000000E+00 +0.0000000000E+00 +0.0000000000E+00 
+6.9116248226E+02 +0.0000000000E+00 +0.0000000000E+00 +0.0000000000E+00 +0.0000000000E+00 +0.0000000000E+00 +0.0000000000E+00 +0.0000000000E+00 
+7.1128754674E+02 +0.0000000000E+00 +0.0000000000E+00 +0.0000000000E+00 +0.0000000000E+00 +0.0000000000E+00 +0.0000000000E+00 +0.0000000000E+00 
+7.3142559540E+02 +0.0000000000E+00 +0.0000000000E+00 +0.0000000000E+00 +0.0000000000E+00 +0.0000000000E+00 +0.0000000000E+00 +0.0000000000E+00 
+7.5157796937E+02 +0.0000000000E+00 +0.0000000000E+00 +0.0000000000E+00 +0.0000000000E+00 +0.0000000000E+00 +0.0000000000E+00 +0.0000000000E+00 
+7.7174614680E+02 +0.0000000000E+00 +0.0000000000E+00 +0.0000000000E+00 +0.0000000000E+00 +0.0000000000E+00 +0.0000000000E+00 +0.0000000000E+00 
+7.9193175652E+02 +0.0000000000E+00 +0.0000000000E+00 +0.0000000000E+00 +0.0000000000E+00 +0.0000000000E+00 +0.0000000000E+00 +0.0000000000E+00 
+8.1213659302E+02 +0.0000000000E+00 +0.0000000000E+00 +0.0000000000E+00 +0.0000000000E+00 +0.0000000000E+00 +0.0000000000E+00 +0.0000000000E+00 
+8.3236263282E+02 +0.0000000000E+00 +0.0000000000E+00 +0.0000000000E+00 +0.0000000000E+00 +0.0000000000E+00 +0.0000000000E+00 +0.0000000000E+00 
+8.5261205232E+02 +0.0000000000E+00 +0.0000000000E+00 +0.0000000000E+00 +0.0000000000E+00 +0.0000000000E+00 +0.0000000000E+00 +0.0000000000E+00 
+8.7288724732E+02 +0.0000000000E+00 +0.0000000000E+00 +0.0000000000E+00 +0.0000000000E+00 +0.0000000000E+00 +0.0000000000E+00 +0.0000000000E+00 
+8.9319085427E+02 +0.0000000000E+00 +0.0000000000E+00 +0.0000000000E+00 +0.0000000000E+00 +0.0000000000E+00 +0.0000000000E+00 +0.0000000000E+00 
+9.1352577336E+02 +0.0000000000E+00 +0.0000000000E+00 +0.0000000000E+00 +0.0000000000E+00 +0.0000000000E+00 +0.0000000000E+00 +0.0000000000E+00 
+9.3389519368E+02 +0.0000000000E+00 +0.0000000000E+00 +0.0000000000E+00 +0.0000000000E+00 +0.0000000000E+00 +0.0000000000E+00 +0.0000000000E+00 
+9.5430262039E+02 +0.0000000000E+00 +0.0000000000E+00 +0.0000000000E+00 +0.0000000000E+00 +0.0000000000E+00 +0.0000000000E+00 +0.0000000000E+00 
+9.7475190420E+02 +0.0000000000E+00 +0.0000000000E+00 +0.0000000000E+00 +0.0000000000E+00 +0.0000000000E+00 +0.0000000000E+00 +0.0000000000E+00 
+9.9524727315E+02 +0.0000000000E+00 +0.0000000000E+00 +0.0000000000E+00 +0.0000000000E+00 +0.0000000000E+00 +0.0000000000E+00 +0.0000000000E+00 
+1.0157933669E+03 +0.0000000000E+00 +0.0000000000E+00 +0.0000000000E+00 +0.0000000000E+00 +0.0000000000E+00 +0.0000000000E+00 +0.0000000000E+00 
+1.0363952733E+03 +0.0000000000E+00 +0.0000000000E+00 +0.0000000000E+00 +0.0000000000E+00 +0.0000000000E+00 +0.0000000000E+00 +0.0000000000E+00 
+1.0570585678E+03 +0.0000000000E+00 +0.0000000000E+00 +0.0000000000E+00 +0.0000000000E+00 +0.0000000000E+00 +0.0000000000E+00 +0.0000000000E+00 
+1.0777893554E+03 +0.0000000000E+00 +0.0000000000E+00 +0.0000000000E+00 +0.0000000000E+00 +0.0000000000E+00 +0.0000000000E+00 +0.0000000000E+00 
+1.0985943151E+03 +0.0000000000E+00 +0.0000000000E+00 +0.0000000000E+00 +0.0000000000E+00 +0.0000000000E+00 +0.0000000000E+00 +0.0000000000E+00 
+1.1194807463E+03 +0.0000000000E+00 +0.0000000000E+00 +0.0000000000E+00 +0.0000000000E+00 +0.0000000000E+00 +0.0000000000E+00 +0.0000000000E+00 
+1.1404566187E+03 +0.0000000000E+00 +0.0000000000E+00 +0.0000000000E+00 +0.0000000000E+00 +0.0000000000E+00 +0.0000000000E+00 +0.0000000000E+00 
+1.1615306235E+03 +0.0000000000E+00 +0.0000000000E+00 +0.0000000000E+00 +0.0000000000E+00 +0.0000000000E+00 +0.0000000000E+00 +0.0000000000E+00 
+1.1827122259E+03 +0.0000000000E+00 +0.0000000000E+00 +0.0000000000E+00 +0.0000000000E+00 +0.0000000000E+00 +0.0000000000E+00 +0.0000000000E+00 
+1.2040117202E+03 +0.0000000000E+00 +0.0000000000E+00 +0.0000000000E+00 +0.0000000000E+00 +0.0000000000E+00 +0.0000000000E+00 +0.0000000000E+00 
+1.2254402845E+03 +0.0000000000E+00 +0.0000000000E+00 +0.0000000000E+00 +0.0000000000E+00 +0.0000000000E+00 +0.0000000000E+00 +0.0000000000E+00 
+1.2470100358E+03 +0.0000000000E+00 +0.0000000000E+00 +0.0000000000E+00 +0.0000000000E+00 +0.0000000000E+00 +0.0000000000E+00 +0.0000000000E+00 
+1.2687340841E+03 +0.0000000000E+00 +0.0000000000E+00 +0.0000000000E+00 +0.0000000000E+00 +0.0000000000E+00 +0.0000000000E+00 +0.0000000000E+00 
+1.2906265841E+03 +0.0000000000E+00 +0.0000000000E+00 +0.0000000000E+00 +0.0000000000E+00 +0.0000000000E+00 +0.0000000000E+00 +0.0000000000E+00 
+1.3127027839E+03 +0.0000000000E+00 +0.0000000000E+00 +0.0000000000E+00 +0.0000000000E+00 +0.0000000000E+00 +0.0000000000E+00 +0.0000000000E+00 
+1.3349790678E+03 +0.0000000000E+00 +0.0000000000E+00 +0.0000000000E+00 +0.0000000000E+00 +0.0000000000E+00 +0.0000000000E+00 +0.0000000000E+00 
+1.3574729926E+03 +0.0000000000E+00 +0.0000000000E+00 +0.0000000000E+00 +0.0000000000E+00 +0.0000000000E+00 +0.0000000000E+00 +0.0000000000E+00 
+1.3802033143E+03 +0.0000000000E+00 +0.0000000000E+00 +0.0000000000E+00 +0.0000000000E+00 +0.0000000000E+00 +0.0000000000E+00 +0.0000000000E+00 
+1.4031900031E+03 +0.0000000000E+00 +0.0000000000E+00 +0.0000000000E+00 +0.0000000000E+00 +0.0000000000E+00 +0.0000000000E+00 +0.0000000000E+00 
+1.4264542446E+03 +0.0000000000E+00 +0.0000000000E+00 +0.0000000000E+00 +0.0000000000E+00 +0.0000000000E+00 +0.0000000000E+00 +0.0000000000E+00 
+1.4500184226E+03 +0.0000000000E+00 +0.0000000000E+00 +0.0000000000E+00 +0.0000000000E+00 +0.0000000000E+00 +0.0000000000E+00 +0.0000000000E+00 
+1.4739060831E+03 +0.0000000000E+00 +0.0000000000E+00 +0.0000000000E+00 +0.0000000000E+00 +0.0000000000E+00 +0.0000000000E+00 +0.0000000000E+00 
+1.4981418734E+03 +0.0000000000E+00 +0.0000000000E+00 +0.0000000000E+00 +0.0000000000E+00 +0.0000000000E+00 +0.0000000000E+00 +0.0000000000E+00 
+1.5227514565E+03 +0.0000000000E+00 +0.0000000000E+00 +0.0000000000E+00 +0.0000000000E+00 +0.0000000000E+00 +0.0000000000E+00 +0.0000000000E+00 
+1.5477613948E+03 +0.0000000000E+00 +0.0000000000E+00 +0.0000000000E+00 +0.0000000000E+00 +0.0000000000E+00 +0.0000000000E+00 +0.0000000000E+00 
+1.5731990034E+03 +0.0000000000E+00 +0.0000000000E+00 +0.0000000000E+00 +0.0000000000E+00 +0.0000000000E+00 +0.0000000000E+00 +0.0000000000E+00 
+1.5990921702E+03 +0.0000000000E+00 +0.0000000000E+00 +0.0000000000E+00 +0.0000000000E+00 +0.0000000000E+00 +0.0000000000E+00 +0.0000000000E+00 
+1.6254691407E+03 +0.0000000000E+00 +0.0000000000E+00 +0.0000000000E+00 +0.0000000000E+00 +0.0000000000E+00 +0.0000000000E+00 +0.0000000000E+00 
+1.6523582705E+03 +0.0000000000E+00 +0.0000000000E+00 +0.0000000000E+00 +0.0000000000E+00 +0.0000000000E+00 +0.0000000000E+00 +0.0000000000E+00 
+1.6797877435E+03 +0.0000000000E+00 +0.0000000000E+00 +0.0000000000E+00 +0.0000000000E+00 +0.0000000000E+00 +0.0000000000E+00 +0.0000000000E+00 
+1.7077852617E+03 +0.0000000000E+00 +0.0000000000E+00 +0.0000000000E+00 +0.0000000000E+00 +0.0000000000E+00 +0.0000000000E+00 +0.0000000000E+00 
+1.7363777090E+03 +0.0000000000E+00 +0.0000000000E+00 +0.0000000000E+00 +0.0000000000E+00 +0.0000000000E+00 +0.0000000000E+00 +0.0000000000E+00 
+1.7655907969E+03 +0.0000000000E+00 +0.0000000000E+00 +0.0000000000E+00 +0.0000000000E+00 +0.0000000000E+00 +0.0000000000E+00 +0.0000000000E+00 
+1.7954486982E+03 +0.0000000000E+00 +0.0000000000E+00 +0.0000000000E+00 +0.0000000000E+00 +0.0000000000E+00 +0.0000000000E+00 +0.0000000000E+00 
+1.8259736798E+03 +0.0000000000E+00 +0.0000000000E+00 +0.0000000000E+00 +0.0000000000E+00 +0.0000000000E+00 +0.0000000000E+00 +0.0000000000E+00 
+1.8571857434E+03 +0.0000000000E+00 +0.0000000000E+00 +0.0000000000E+00 +0.0000000000E+00 +0.0000000000E+00 +0.0000000000E+00 +0.0000000000E+00 
+1.8891022869E+03 +0.0000000000E+00 +0.0000000000E+00 +0.0000000000E+00 +0.0000000000E+00 +0.0000000000E+00 +0.0000000000E+00 +0.0000000000E+00 
+1.9217377967E+03 +0.0000000000E+00 +0.0000000000E+00 +0.0000000000E+00 +0.0000000000E+00 +0.0000000000E+00 +0.0000000000E+00 +0.0000000000E+00 
+1.9551035822E+03 +0.0000000000E+00 +0.0000000000E+00 +0.0000000000E+00 +0.0000000000E+00 +0.0000000000E+00 +0.0000000000E+00 +0.0000000000E+00 
+1.9892075638E+03 +0.0000000000E+00 +0.0000000000E+00 +0.0000000000E+00 +0.0000000000E+00 +0.0000000000E+00 +0.0000000000E+00 +0.0000000000E+00 
+2.0240541202E+03 +0.0000000000E+00 +0.0000000000E+00 +0.0000000000E+00 +0.0000000000E+00 +0.0000000000E+00 +0.0000000000E+00 +0.0000000000E+00 
+2.0596440041E+03 +0.0000000000E+00 +0.0000000000E+00 +0.0000000000E+00 +0.0000000000E+00 +0.0000000000E+00 +0.0000000000E+00 +0.0000000000E+00 
+2.0959743267E+03 +0.0000000000E+00 +0.0000000000E+00 +0.0000000000E+00 +0.0000000000E+00 +0.0000000000E+00 +0.0000000000E+00 +0.0000000000E+00 
+2.1330386147E+03 +0.0000000000E+00 +0.0000000000E+00 +0.0000000000E+00 +0.0000000000E+00 +0.0000000000E+00 +0.0000000000E+00 +0.0000000000E+00 
+2.1708269347E+03 +0.0000000000E+00 +0.0000000000E+00 +0.0000000000E+00 +0.0000000000E+00 +0.0000000000E+00 +0.0000000000E+00 +0.0000000000E+00 
+2.2093260822E+03 +0.0000000000E+00 +0.0000000000E+00 +0.0000000000E+00 +0.0000000000E+00 +0.0000000000E+00 +0.0000000000E+00 +0.0000000000E+00 
+2.2485198257E+03 +0.0000000000E+00 +0.0000000000E+00 +0.0000000000E+00 +0.0000000000E+00 +0.0000000000E+00 +0.0000000000E+00 +0.0000000000E+00 
+2.2883891986E+03 +0.0000000000E+00 +0.0000000000E+00 +0.0000000000E+00 +0.0000000000E+00 +0.0000000000E+00 +0.0000000000E+00 +0.0000000000E+00 
+2.3289128262E+03 +0.0000000000E+00 +0.0000000000E+00 +0.0000000000E+00 +0.0000000000E+00 +0.0000000000E+00 +0.0000000000E+00 +0.0000000000E+00 
+2.3700672780E+03 +0.0000000000E+00 +0.0000000000E+00 +0.0000000000E+00 +0.0000000000E+00 +0.0000000000E+00 +0.0000000000E+00 +0.0000000000E+00 
+2.4118274329E+03 +0.0000000000E+00 +0.0000000000E+00 +0.0000000000E+00 +0.0000000000E+00 +0.0000000000E+00 +0.0000000000E+00 +0.0000000000E+00 
+2.4541668469E+03 +0.0000000000E+00 +0.0000000000E+00 +0.0000000000E+00 +0.0000000000E+00 +0.0000000000E+00 +0.0000000000E+00 +0.0000000000E+00 
+2.4970581138E+03 +0.0000000000E+00 +0.0000000000E+00 +0.0000000000E+00 +0.0000000000E+00 +0.0000000000E+00 +0.0000000000E+00 +0.0000000000E+00 
+2.5404732092E+03 +0.0000000000E+00 +0.0000000000E+00 +0.0000000000E+00 +0.0000000000E+00 +0.0000000000E+00 +0.0000000000E+00 +0.0000000000E+00 
+2.5843838127E+03 +0.0000000000E+00 +0.0000000000E+00 +0.0000000000E+00 +0.0000000000E+00 +0.0000000000E+00 +0.0000000000E+00 +0.0000000000E+00 
+2.6287616013E+03 +0.0000000000E+00 +0.0000000000E+00 +0.0000000000E+00 +0.0000000000E+00 +0.0000000000E+00 +0.0000000000E+00 +0.0000000000E+00 
+2.6735785116E+03 +0.0000000000E+00 +0.0000000000E+00 +0.0000000000E+00 +0.0000000000E+00 +0.0000000000E+00 +0.0000000000E+00 +0.0000000000E+00 
+2.7188069683E+03 +0.0000000000E+00 +0.0000000000E+00 +0.0000000000E+00 +0.0000000000E+00 +0.0000000000E+00 +0.0000000000E+00 +0.0000000000E+00 
+2.7644200786E+03 +0.0000000000E+00 +0.0000000000E+00 +0.0000000000E+00 +0.0000000000E+00 +0.0000000000E+00 +0.0000000000E+00 +0.0000000000E+00 
+2.8103917927E+03 +0.0000000000E+00 +0.0000000000E+00 +0.0000000000E+00 +0.0000000000E+00 +0.0000000000E+00 +0.0000000000E+00 +0.0000000000E+00 
+2.8566970320E+03 +0.0000000000E+00 +0.0000000000E+00 +0.0000000000E+00 +0.0000000000E+00 +0.0000000000E+00 +0.0000000000E+00 +0.0000000000E+00 
+2.9033117872E+03 +0.0000000000E+00 +0.0000000000E+00 +0.0000000000E+00 +0.0000000000E+00 +0.0000000000E+00 +0.0000000000E+00 +0.0000000000E+00 
+2.9502131893E+03 +0.0000000000E+00 +0.0000000000E+00 +0.0000000000E+00 +0.0000000000E+00 +0.0000000000E+00 +0.0000000000E+00 +0.0000000000E+00 
+2.9973795550E+03 +0.0000000000E+00 +0.0000000000E+00 +0.0000000000E+00 +0.0000000000E+00 +0.0000000000E+00 +0.0000000000E+00 +0.0000000000E+00 
+3.0447904117E+03 +0.0000000000E+00 +0.0000000000E+00 +0.0000000000E+00 +0.0000000000E+00 +0.0000000000E+00 +0.0000000000E+00 +0.0000000000E+00 
+3.0924265034E+03 +0.0000000000E+00 +0.0000000000E+00 +0.0000000000E+00 +0.0000000000E+00 +0.0000000000E+00 +0.0000000000E+00 +0.0000000000E+00 
+3.1402697810E+03 +0.0000000000E+00 +0.0000000000E+00 +0.0000000000E+00 +0.0000000000E+00 +0.0000000000E+00 +0.0000000000E+00 +0.0000000000E+00 
+3.1883033802E+03 +0.0000000000E+00 +0.0000000000E+00 +0.0000000000E+00 +0.0000000000E+00 +0.0000000000E+00 +0.0000000000E+00 +0.0000000000E+00 
+3.2365115889E+03 +0.0000000000E+00 +0.0000000000E+00 +0.0000000000E+00 +0.0000000000E+00 +0.0000000000E+00 +0.0000000000E+00 +0.0000000000E+00 
+3.2848798068E+03 +0.0000000000E+00 +0.0000000000E+00 +0.0000000000E+00 +0.0000000000E+00 +0.0000000000E+00 +0.0000000000E+00 +0.0000000000E+00 
+3.3333944987E+03 +0.0000000000E+00 +0.0000000000E+00 +0.0000000000E+00 +0.0000000000E+00 +0.0000000000E+00 +0.0000000000E+00 +0.0000000000E+00 
+3.3820431445E+03 +0.0000000000E+00 +0.0000000000E+00 +0.0000000000E+00 +0.0000000000E+00 +0.0000000000E+00 +0.0000000000E+00 +0.0000000000E+00 
+3.4308141850E+03 +0.0000000000E+00 +0.0000000000E+00 +0.0000000000E+00 +0.0000000000E+00 +0.0000000000E+00 +0.0000000000E+00 +0.0000000000E+00 
+3.4796969680E+03 +0.0000000000E+00 +0.0000000000E+00 +0.0000000000E+00 +0.0000000000E+00 +0.0000000000E+00 +0.0000000000E+00 +0.0000000000E+00 
+3.5286816927E+03 +0.0000000000E+00 +0.0000000000E+00 +0.0000000000E+00 +0.0000000000E+00 +0.0000000000E+00 +0.0000000000E+00 +0.0000000000E+00 
+3.5777593551E+03 +0.0000000000E+00 +0.0000000000E+00 +0.0000000000E+00 +0.0000000000E+00 +0.0000000000E+00 +0.0000000000E+00 +0.0000000000E+00 
+3.6269216940E+03 +0.0000000000E+00 +0.0000000000E+00 +0.0000000000E+00 +0.0000000000E+00 +0.0000000000E+00 +0.0000000000E+00 +0.0000000000E+00 
+3.6761611394E+03 +0.0000000000E+00 +0.0000000000E+00 +0.0000000000E+00 +0.0000000000E+00 +0.0000000000E+00 +0.0000000000E+00 +0.0000000000E+00 
