Eindhoven (51.47N, 5.43E), 2016-08-17 05:00:00 to 2016-08-17 18:00:00
      z (m)            thl (K)        qt (kg kg-1)        u (m s-1)         v (m s-1)       tke (m2 s-2)    
+1.0002045555E+01 +2.8583233454E+02 +7.9331848434E-03 -3.0369397280E+00 -9.8904867380E-01 +1.0000000000E-01 
+3.0006349986E+01 +2.8609492680E+02 +7.9113472034E-03 -4.6155737525E+00 -1.3219335896E+00 +1.0000000000E-01 
+5.0011103303E+01 +2.8630004488E+02 +7.8934931932E-03 -5.6807586860E+00 -1.4503401904E+00 +1.0000000000E-01 
+7.0016352308E+01 +2.8649449716E+02 +7.8752911695E-03 -6.5571066596E+00 -1.4832752854E+00 +1.0000000000E-01 
+9.0022148684E+01 +2.8669023052E+02 +7.8552627888E-03 -7.3300638000E+00 -1.4493147676E+00 +1.0000000000E-01 
+1.1002854950E+02 +2.8689176586E+02 +7.8329489527E-03 -8.0342595261E+00 -1.3641252643E+00 +1.0000000000E-01 
+1.3003561777E+02 +2.8710898575E+02 +7.8062857676E-03 -8.6600115691E+00 -1.2152776092E+00 +1.0000000000E-01 
+1.5004342307E+02 +2.8734184952E+02 +7.7751326167E-03 -9.2260580142E+00 -1.0142434696E+00 +1.0000000000E-01 
+1.7005204224E+02 +2.8758309830E+02 +7.7415782303E-03 -9.7602622399E+00 -7.8550467100E-01 +1.0000000000E-01 
+1.9006156012E+02 +2.8785534287E+02 +7.6996414256E-03 -1.0190549814E+01 -4.8182233292E-01 +1.0000000000E-01 
+2.1007207037E+02 +2.8813463656E+02 +7.6560662228E-03 -1.0594629932E+01 -1.6453045699E-01 +1.0000000000E-01 
+2.3008367642E+02 +2.8844138963E+02 +7.6061057960E-03 -1.0896420697E+01 +2.0580719288E-01 +1.0000000000E-01 
+2.5009649248E+02 +2.8875077952E+02 +7.5550691107E-03 -1.1163768789E+01 +5.8104227665E-01 +1.0000000000E-01 
+2.7011064464E+02 +2.8906891895E+02 +7.5004510382E-03 -1.1316248272E+01 +9.7255491572E-01 +1.0000000000E-01 
+2.9012627211E+02 +2.8938748912E+02 +7.4457231585E-03 -1.1458046171E+01 +1.3620397669E+00 +1.0000000000E-01 
+3.1014352860E+02 +2.8971120492E+02 +7.3896611444E-03 -1.1465445732E+01 +1.7257040483E+00 +1.0000000000E-01 
+3.3016258382E+02 +2.9003494980E+02 +7.3335940927E-03 -1.1472845958E+01 +2.0894010080E+00 +1.0000000000E-01 
+3.5018362512E+02 +2.9034175102E+02 +7.2802741511E-03 -1.1386366074E+01 +2.3954623331E+00 +1.0000000000E-01 
+3.7020685934E+02 +2.9064187165E+02 +7.2280370920E-03 -1.1262745458E+01 +2.6787471651E+00 +1.0000000000E-01 
+3.9023251484E+02 +2.9093476798E+02 +7.1771228178E-03 -1.1127188891E+01 +2.9466992175E+00 +1.0000000000E-01 
+4.1026084370E+02 +2.9118428831E+02 +7.1341491765E-03 -1.0920332000E+01 +3.1227990800E+00 +1.0000000000E-01 
+4.3029212421E+02 +2.9143384541E+02 +7.0911692019E-03 -1.0713444623E+01 +3.2989248950E+00 +1.0000000000E-01 
+4.5032666354E+02 +2.9166767960E+02 +7.0513401711E-03 -1.0498631057E+01 +3.4377926824E+00 +1.0000000000E-01 
+4.7036480076E+02 +2.9187052752E+02 +7.0177199454E-03 -1.0268243561E+01 +3.5032917607E+00 +1.0000000000E-01 
+4.9040691014E+02 +2.9207341565E+02 +6.9840930552E-03 -1.0037810396E+01 +3.5688038228E+00 +1.0000000000E-01 
+5.1045340475E+02 +2.9226640445E+02 +6.9522251931E-03 -9.8132699140E+00 +3.6124569163E+00 +1.0000000000E-01 
+5.3050474048E+02 +2.9243388332E+02 +6.9248894579E-03 -9.6039496919E+00 +3.5999035442E+00 +1.0000000000E-01 
+5.5056142043E+02 +2.9260140683E+02 +6.8975464370E-03 -9.3945736802E+00 +3.5873468263E+00 +1.0000000000E-01 
+5.7062399981E+02 +2.9276897961E+02 +6.8701953735E-03 -9.1851360833E+00 +3.5747864150E+00 +1.0000000000E-01 
+5.9069309121E+02 +2.9289928089E+02 +6.8499692875E-03 -9.0129659138E+00 +3.5204317283E+00 +1.0000000000E-01 
+6.1076937054E+02 +2.9302789889E+02 +6.8300665904E-03 -8.8424644651E+00 +3.4641207223E+00 +1.0000000000E-01 
+6.3085358350E+02 +2.9315656772E+02 +6.8101560282E-03 -8.6718956387E+00 +3.4077874638E+00 +1.0000000000E-01 
+6.5094655268E+02 +2.9327251101E+02 +6.7945396238E-03 -8.5149396642E+00 +3.3424101267E+00 +1.0000000000E-01 
+6.7104918539E+02 +2.9336439785E+02 +6.7870328896E-03 -8.3837287434E+00 +3.2599862836E+00 +1.0000000000E-01 
+6.9116248226E+02 +2.9345633344E+02 +6.7795221732E-03 -8.2524482169E+00 +3.1775187158E+00 +1.0000000000E-01 
+7.1128754674E+02 +2.9354832282E+02 +6.7720070626E-03 -8.1210908828E+00 +3.0950028990E+00 +1.0000000000E-01 
+7.3142559540E+02 +2.9362841575E+02 +6.7709497134E-03 -8.0009403439E+00 +3.0117811201E+00 +1.0000000000E-01 
+7.5157796937E+02 +2.9369314847E+02 +6.7782252416E-03 -7.8952649453E+00 +2.9276584425E+00 +1.0000000000E-01 
+7.7174614680E+02 +2.9375793196E+02 +6.7855064754E-03 -7.7895066763E+00 +2.8434697960E+00 +1.0000000000E-01 
+7.9193175652E+02 +2.9382277144E+02 +6.7927940026E-03 -7.6836569955E+00 +2.7592083814E+00 +1.0000000000E-01 
+8.1213659302E+02 +2.9388416726E+02 +6.8005573658E-03 -7.5805706962E+00 +2.6773217806E+00 +1.0000000000E-01 
+8.3236263282E+02 +2.9393262449E+02 +6.8100681961E-03 -7.4880007068E+00 +2.6044561062E+00 +1.0000000000E-01 
+8.5261205232E+02 +2.9398113772E+02 +6.8195900200E-03 -7.3953237138E+00 +2.5315062048E+00 +1.0000000000E-01 
+8.7288724732E+02 +2.9402971271E+02 +6.8291239644E-03 -7.3025287523E+00 +2.4584634455E+00 +1.0000000000E-01 
+8.9319085427E+02 +2.9407835577E+02 +6.8386712688E-03 -7.2096037557E+00 +2.3853183302E+00 +1.0000000000E-01 
+9.1352577336E+02 +2.9412228040E+02 +6.8416999588E-03 -7.1168357140E+00 +2.3186137220E+00 +1.0000000000E-01 
+9.3389519368E+02 +2.9416384377E+02 +6.8414138848E-03 -7.0240628557E+00 +2.2551259915E+00 +1.0000000000E-01 
+9.5430262039E+02 +2.9420548470E+02 +6.8411272769E-03 -6.9311168968E+00 +2.1915198022E+00 +1.0000000000E-01 
+9.7475190420E+02 +2.9424721103E+02 +6.8408400812E-03 -6.8379802990E+00 +2.1277831520E+00 +1.0000000000E-01 
+9.9524727315E+02 +2.9428903141E+02 +6.8405522382E-03 -6.7446338056E+00 +2.0639028628E+00 +1.0000000000E-01 
+1.0157933669E+03 +2.9434047738E+02 +6.8224945794E-03 -6.6469021496E+00 +2.0049923018E+00 +1.0000000000E-01 
+1.0363952733E+03 +2.9439463492E+02 +6.7995886448E-03 -6.5477830269E+00 +1.9473066776E+00 +1.0000000000E-01 
+1.0570585678E+03 +2.9444895383E+02 +6.7766144568E-03 -6.4483685557E+00 +1.8894491656E+00 +1.0000000000E-01 
+1.0777893554E+03 +2.9450345016E+02 +6.7535652274E-03 -6.3486293642E+00 +1.8314026721E+00 +1.0000000000E-01 
+1.0985943151E+03 +2.9455814147E+02 +6.7304335311E-03 -6.2485333193E+00 +1.7731484960E+00 +1.0000000000E-01 
+1.1194807463E+03 +2.9464139674E+02 +6.6494050623E-03 -6.1509056152E+00 +1.7242892971E+00 +1.0000000000E-01 
+1.1404566187E+03 +2.9474413997E+02 +6.5290199631E-03 -6.0547900834E+00 +1.6817148749E+00 +1.0000000000E-01 
+1.1615306235E+03 +2.9484736386E+02 +6.4080716615E-03 -5.9582248905E+00 +1.6389412751E+00 +1.0000000000E-01 
+1.1827122259E+03 +2.9495111479E+02 +6.2865058333E-03 -5.8611666641E+00 +1.5959492858E+00 +1.0000000000E-01 
+1.2040117202E+03 +2.9505544316E+02 +6.1642633979E-03 -5.7635682340E+00 +1.5527180130E+00 +1.0000000000E-01 
+1.2254402845E+03 +2.9517210553E+02 +6.0240820145E-03 -5.6643779025E+00 +1.5111677332E+00 +1.0000000000E-01 
+1.2470100358E+03 +2.9536776274E+02 +5.7680074291E-03 -5.5578458571E+00 +1.4823323729E+00 +1.0000000000E-01 
+1.2687340841E+03 +2.9556481956E+02 +5.5101010409E-03 -5.4505517458E+00 +1.4532907418E+00 +1.0000000000E-01 
+1.2906265841E+03 +2.9576340440E+02 +5.2501948050E-03 -5.3424256586E+00 +1.4240239173E+00 +1.0000000000E-01 
+1.3127027839E+03 +2.9596365556E+02 +4.9881076981E-03 -5.2333922865E+00 +1.3945115151E+00 +1.0000000000E-01 
+1.3349790678E+03 +2.9616572166E+02 +4.7236452066E-03 -5.1233707077E+00 +1.3647316319E+00 +1.0000000000E-01 
+1.3574729926E+03 +2.9639008307E+02 +4.4447346788E-03 -5.0016764359E+00 +1.3321096517E+00 +1.0000000000E-01 
+1.3802033143E+03 +2.9664072535E+02 +4.1489258560E-03 -4.8662270310E+00 +1.2961415054E+00 +1.0000000000E-01 
+1.4031900031E+03 +2.9689419453E+02 +3.8497807111E-03 -4.7292499405E+00 +1.2597676873E+00 +1.0000000000E-01 
+1.4264542446E+03 +2.9715072422E+02 +3.5470235404E-03 -4.5906189211E+00 +1.2229546737E+00 +1.0000000000E-01 
+1.4500184226E+03 +2.9741056125E+02 +3.2403630419E-03 -4.4502005872E+00 +1.1856670446E+00 +1.0000000000E-01 
+1.4739060831E+03 +2.9767396524E+02 +2.9294927944E-03 -4.3078546300E+00 +1.1478675415E+00 +1.0000000000E-01 
+1.4981418734E+03 +2.9792443235E+02 +2.7032953793E-03 -4.1884323786E+00 +1.1030354451E+00 +1.0000000000E-01 
+1.5227514565E+03 +2.9817186219E+02 +2.5103010214E-03 -4.0774506924E+00 +1.0548457906E+00 +1.0000000000E-01 
+1.5477613948E+03 +2.9842331728E+02 +2.3141669804E-03 -3.9646635268E+00 +1.0058721742E+00 +1.0000000000E-01 
+1.5731990034E+03 +2.9867907225E+02 +2.1146790437E-03 -3.8499476987E+00 +9.5606110803E-01 +1.0000000000E-01 
+1.5990921702E+03 +2.9893940750E+02 +1.9116185093E-03 -3.7331774430E+00 +9.0535798339E-01 +1.0000000000E-01 
+1.6254691407E+03 +2.9920198525E+02 +1.7101604115E-03 -3.6179253228E+00 +8.5337253503E-01 +1.0000000000E-01 
+1.6523582705E+03 +2.9939535779E+02 +1.6577347683E-03 -3.6052959068E+00 +7.9088467654E-01 +1.0000000000E-01 
+1.6797877435E+03 +2.9959261620E+02 +1.6042556198E-03 -3.5924126997E+00 +7.2714111026E-01 +1.0000000000E-01 
+1.7077852617E+03 +2.9979395969E+02 +1.5496689556E-03 -3.5792626905E+00 +6.6207745945E-01 +1.0000000000E-01 
+1.7363777090E+03 +2.9999958159E+02 +1.4939223602E-03 -3.5658332521E+00 +5.9563124809E-01 +1.0000000000E-01 
+1.7655907969E+03 +3.0020966682E+02 +1.4369657039E-03 -3.5521123082E+00 +5.2774272529E-01 +1.0000000000E-01 
+1.7954486982E+03 +3.0037781264E+02 +1.4208172805E-03 -3.5939350805E+00 +4.7385500776E-01 +1.0000000000E-01 
+1.8259736798E+03 +3.0051391580E+02 +1.4366400886E-03 -3.6796166349E+00 +4.3067629207E-01 +1.0000000000E-01 
+1.8571857434E+03 +3.0065308249E+02 +1.4528190499E-03 -3.7672267820E+00 +3.8652567339E-01 +1.0000000000E-01 
+1.8891022869E+03 +3.0079539027E+02 +1.4693631825E-03 -3.8568143564E+00 +3.4137854184E-01 +1.0000000000E-01 
+1.9217377967E+03 +3.0094090375E+02 +1.4862799956E-03 -3.9484200202E+00 +2.9521440601E-01 +1.0000000000E-01 
+1.9551035822E+03 +3.0107291775E+02 +1.5318288162E-03 -4.0290052230E+00 +2.5313606991E-01 +1.0000000000E-01 
+1.9892075638E+03 +3.0117915376E+02 +1.6267774981E-03 -4.0889867076E+00 +2.1889418781E-01 +1.0000000000E-01 
+2.0240541202E+03 +3.0128770294E+02 +1.7237935781E-03 -4.1502742199E+00 +1.8390672819E-01 +1.0000000000E-01 
+2.0596440041E+03 +3.0139856763E+02 +1.8228791512E-03 -4.2128690835E+00 +1.4817293551E-01 +1.0000000000E-01 
+2.0959743267E+03 +3.0151173884E+02 +1.9240261752E-03 -4.2767662177E+00 +1.1169571007E-01 +1.0000000000E-01 
+2.1330386147E+03 +3.0162955747E+02 +2.0352717392E-03 -4.3049856523E+00 +5.2989472984E-02 +1.0000000000E-01 
+2.1708269347E+03 +3.0175296400E+02 +2.1599022637E-03 -4.2823001098E+00 -3.6778184648E-02 +1.0000000000E-01 
+2.2093260822E+03 +3.0187869190E+02 +2.2868771844E-03 -4.2591878347E+00 -1.2823444110E-01 +1.0000000000E-01 
+2.2485198257E+03 +3.0200668817E+02 +2.4161429684E-03 -4.2356585714E+00 -2.2134073818E-01 +1.0000000000E-01 
+2.2883891986E+03 +3.0213689086E+02 +2.5476370611E-03 -4.2117237060E+00 -3.1605201972E-01 +1.0000000000E-01 
+2.3289128262E+03 +3.0229281491E+02 +2.6628526704E-03 -4.1299376911E+00 -4.5959030563E-01 +1.0000000000E-01 
+2.3700672780E+03 +3.0246433437E+02 +2.7695682128E-03 -4.0147975696E+00 -6.3175702906E-01 +1.0000000000E-01 
+2.4118274329E+03 +3.0263837822E+02 +2.8778543733E-03 -3.8979628387E+00 -8.0645766816E-01 +1.0000000000E-01 
+2.4541668469E+03 +3.0281483624E+02 +2.9876425817E-03 -3.7795074819E+00 -9.8358159674E-01 +1.0000000000E-01 
+2.4970581138E+03 +3.0299359423E+02 +3.0988617719E-03 -3.6595081754E+00 -1.1630141624E+00 +1.0000000000E-01 
+2.5404732092E+03 +3.0318970222E+02 +3.1266465807E-03 -3.5155657305E+00 -1.3993078512E+00 +1.0000000000E-01 
+2.5843838127E+03 +3.0338876728E+02 +3.1507296906E-03 -3.3689150893E+00 -1.6408895361E+00 +1.0000000000E-01 
+2.6287616013E+03 +3.0358995030E+02 +3.1750690318E-03 -3.2207041645E+00 -1.8850415196E+00 +1.0000000000E-01 
+2.6735785116E+03 +3.0379312403E+02 +3.1996492127E-03 -3.0710266811E+00 -2.1316094061E+00 +1.0000000000E-01 
+2.7188069683E+03 +3.0400027144E+02 +3.1953912879E-03 -2.9282399317E+00 -2.3787676034E+00 +1.0000000000E-01 
+2.7644200786E+03 +3.0421466209E+02 +3.1155201634E-03 -2.8057314846E+00 -2.6236750724E+00 +1.0000000000E-01 
+2.8103917927E+03 +3.0443073825E+02 +3.0350211036E-03 -2.6822598935E+00 -2.8705079690E+00 +1.0000000000E-01 
+2.8566970320E+03 +3.0464838204E+02 +2.9539380224E-03 -2.5578925150E+00 -3.1191316404E+00 +1.0000000000E-01 
+2.9033117872E+03 +3.0486748062E+02 +2.8723129612E-03 -2.4326938333E+00 -3.3694171756E+00 +1.0000000000E-01 
+2.9502131893E+03 +3.0509317676E+02 +2.8020229399E-03 -2.3043246820E+00 -3.5961905333E+00 +1.0000000000E-01 
+2.9973795550E+03 +3.0532438415E+02 +2.7408865670E-03 -2.1732933939E+00 -3.8040322472E+00 +1.0000000000E-01 
+3.0447904117E+03 +3.0555679003E+02 +2.6794332882E-03 -2.0415828936E+00 -4.0129513271E+00 +1.0000000000E-01 
+3.0924265034E+03 +3.0579030000E+02 +2.6176880631E-03 -1.9092466756E+00 -4.2228629196E+00 +1.0000000000E-01 
+3.1402697810E+03 +3.0602482559E+02 +2.5556742866E-03 -1.7763348814E+00 -4.4336874907E+00 +1.0000000000E-01 
+3.1883033802E+03 +3.0626213438E+02 +2.5425459573E-03 -1.6110742316E+00 -4.6356514118E+00 +1.0000000000E-01 
+3.2365115889E+03 +3.0650096918E+02 +2.5469847925E-03 -1.4338046594E+00 -4.8348720978E+00 +1.0000000000E-01 
+3.2848798068E+03 +3.0674059671E+02 +2.5514383609E-03 -1.2559467071E+00 -5.0347540226E+00 +1.0000000000E-01 
+3.3333944987E+03 +3.0698094990E+02 +2.5559054160E-03 -1.0775501453E+00 -5.2352412524E+00 +1.0000000000E-01 
+3.3820431445E+03 +3.0722196673E+02 +2.5603848051E-03 -8.9866101333E-01 -5.4362820467E+00 +1.0000000000E-01 
+3.4308141850E+03 +3.0747765031E+02 +2.5849372785E-03 -6.8942874551E-01 -5.6200378927E+00 +1.0000000000E-01 
+3.4796969680E+03 +3.0773758880E+02 +2.6147811970E-03 -4.7191640478E-01 -5.7995722047E+00 +1.0000000000E-01 
+3.5286816927E+03 +3.0799806937E+02 +2.6446873530E-03 -2.5395045696E-01 -5.9794809233E+00 +1.0000000000E-01 
+3.5777593551E+03 +3.0825904415E+02 +2.6746502492E-03 -3.5570967242E-02 -6.1597309786E+00 +1.0000000000E-01 
+3.6269216940E+03 +3.0852046920E+02 +2.7046648422E-03 +1.8318530550E-01 -6.3402920300E+00 +1.0000000000E-01 
+3.6761611394E+03 +3.0880298437E+02 +2.7289012638E-03 +3.8079794802E-01 -6.5011185137E+00 +1.0000000000E-01 
