# dinges
#z	dinges nox	co2 nh3 qr 
10.002045555	0.0	0.0	0.0       0.0 0.0
30.006349986	0.0	0.0	0.0 0.0 0.0
50.011103303	0.0 	0.0	0.0 0.0 0.0
70.01635230800001	0.0	0.0	0.0 0.0 0.0
90.022148684	0.0	0.0	0.0 0.0 0.0
110.0285495	0.0	0.0	0.0 0.0 0.0
130.03561777	0.0     0.0	0.0 0.0 0.0
150.04342307	0.0	0.0	0.0 0.0 0.0
170.05204224	0.0	0.0	0.0 0.0 0.0
190.06156012	0.0	0.0	0.0 0.0 0.0
210.07207037	0.0	0.0	0.0 0.0 0.0
230.08367642	0.0	0.0	0.0 0.0 0.0
250.09649248	0.0	0.0	0.0 0.0 0.0
270.11064464	0.0	0.0	0.0 0.0 0.0
290.12627211	0.0	0.0	0.0 0.0 0.0
310.1435286	0.0	0.0	0.0 0.0 0.0
330.16258382	0.0	0.0	0.0 0.0 0.0
350.18362512	0.0	0.0	0.0 0.0 0.0
370.20685934	0.0	0.0	0.0 0.0 0.0
390.23251484	0.0	0.0	0.0 0.0 0.0
410.2608437	0.0	0.0	0.0 0.0 0.0
430.29212421	0.0	0.0	0.0 0.0 0.0
450.32666354	0.0	0.0	0.0 0.0 0.0
470.36480076	0.0	0.0	0.0 0.0 0.0
490.40691014	0.0	0.0	0.0 0.0 0.0
510.45340475	0.0	0.0	0.0 0.0 0.0
530.50474048	0.0	0.0	0.0 0.0 0.0
550.56142043	0.0	0.0	0.0 0.0 0.0
570.62399981	0.0	0.0	0.0 0.0 0.0
590.69309121	0.0	0.0	0.0 0.0 0.0
610.76937054	0.0	0.0	0.0 0.0 0.0
630.8535835	0.0	0.0	0.0 0.0 0.0
650.94655268	0.0	0.0	0.0 0.0 0.0
671.04918539	0.0	0.0	0.0 0.0 0.0
691.16248226	0.0	0.0	0.0 0.0 0.0
711.28754674	0.0	0.0	0.0 0.0 0.0
731.4255954	0.0	0.0	0.0 0.0 0.0
751.57796937	0.0	0.0	0.0 0.0 0.0
771.7461468	0.0	0.0	0.0 0.0 0.0
791.93175652	0.0	0.0	0.0 0.0 0.0
812.13659302	0.0	0.0	0.0 0.0 0.0
832.36263282	0.0	0.0	0.0 0.0 0.0
852.61205232	0.0	0.0	0.0 0.0 0.0
872.88724732	0.0	0.0	0.0 0.0 0.0
893.19085427	0.0	0.0	0.0 0.0 0.0
913.52577336	0.0	0.0	0.0 0.0 0.0
933.89519368	0.0	0.0	0.0 0.0 0.0
954.30262039	0.0	0.0	0.0 0.0 0.0
974.7519042	0.0	0.0	0.0 0.0 0.0
995.24727315	0.0	0.0	0.0 0.0 0.0
1015.7933669	0.0	0.0	0.0 0.0 0.0
1036.3952732999999	0.0	0.0	0.0 0.0 0.0
1057.0585678	0.0	0.0	0.0 0.0 0.0
1077.7893554000002	0.0	0.0	0.0 0.0 0.0
1098.5943151	0.0	0.0	0.0 0.0 0.0
1119.4807463	0.0	0.0	0.0 0.0 0.0
1140.4566187	0.0	0.0	0.0 0.0 0.0
1161.5306235	0.0	0.0	0.0 0.0 0.0
1182.7122259000002	0.0	0.0	0.0 0.0 0.0
1204.0117202	0.0	0.0	0.0 0.0 0.0
1225.4402845	0.0	0.0	0.0 0.0 0.0
1247.0100358	0.0	0.0	0.0 0.0 0.0
1268.7340840999998	0.0	0.0	0.0 0.0 0.0
1290.6265840999997	0.0	0.0	0.0 0.0 0.0
1312.7027839000002	0.0	0.0	0.0 0.0 0.0
1334.9790678	0.0	0.0	0.0 0.0 0.0
1357.4729926	0.0	0.0	0.0 0.0 0.0
1380.2033142999999	0.0	0.0	0.0 0.0 0.0
1403.1900031	0.0	0.0	0.0 0.0 0.0
1426.4542445999998	0.0	0.0	0.0 0.0 0.0
1450.0184226	0.0	0.0	0.0 0.0 0.0
1473.9060831	0.0	0.0	0.0 0.0 0.0
1498.1418734000001	0.0	0.0	0.0 0.0 0.0
1522.7514565	0.0	0.0	0.0 0.0 0.0
1547.7613947999998	0.0	0.0	0.0 0.0 0.0
1573.1990034000003	0.0	0.0	0.0 0.0 0.0
1599.0921702	0.0	0.0	0.0 0.0 0.0
1625.4691407	0.0	0.0	0.0 0.0 0.0
1652.3582705000001	0.0	0.0	0.0 0.0 0.0
1679.7877434999998	0.0	0.0	0.0 0.0 0.0
1707.7852616999999	0.0	0.0	0.0 0.0 0.0
1736.377709	0.0	0.0	0.0 0.0 0.0
1765.5907969	0.0	0.0	0.0 0.0 0.0
1795.4486982	0.0	0.0	0.0 0.0 0.0
1825.9736798000001	0.0	0.0	0.0 0.0 0.0
1857.1857434	0.0	0.0	0.0 0.0 0.0
1889.1022869000003	0.0	0.0	0.0 0.0 0.0
1921.7377967	0.0	0.0	0.0 0.0 0.0
1955.1035822000001	0.0	0.0	0.0 0.0 0.0
1989.2075638000001	0.0	0.0	0.0 0.0 0.0
2024.0541202	0.0	0.0	0.0 0.0 0.0
2059.6440040999996	0.0	0.0	0.0 0.0 0.0
2095.9743267	0.0	0.0	0.0 0.0 0.0
2133.0386147	0.0	0.0	0.0 0.0 0.0
2170.8269347	0.0	0.0	0.0 0.0 0.0
2209.3260821999997	0.0	0.0	0.0 0.0 0.0
2248.5198256999997	0.0	0.0	0.0 0.0 0.0
2288.3891986	0.0	0.0	0.0 0.0 0.0
2328.9128262	0.0	0.0	0.0 0.0 0.0
2370.067278	0.0	0.0	0.0 0.0 0.0
2411.8274329	0.0	0.0	0.0 0.0 0.0
2454.1668469	0.0	0.0	0.0 0.0 0.0
2497.0581138000002	0.0	0.0	0.0 0.0 0.0
2540.4732091999995	0.0	0.0	0.0 0.0 0.0
2584.3838126999995	0.0	0.0	0.0 0.0 0.0
2628.7616013	0.0	0.0	0.0 0.0 0.0
2673.5785116	0.0	0.0	0.0 0.0 0.0
2718.8069683000003	0.0	0.0	0.0 0.0 0.0
2764.4200785999997	0.0	0.0	0.0 0.0 0.0
2810.3917926999998	0.0	0.0	0.0 0.0 0.0
2856.697032	0.0	0.0	0.0 0.0 0.0
2903.3117872	0.0	0.0	0.0 0.0 0.0
2950.2131893000005	0.0	0.0	0.0 0.0 0.0
2997.379555	0.0	0.0	0.0 0.0 0.0
3044.7904117	0.0	0.0	0.0 0.0 0.0
3092.4265034	0.0	0.0	0.0 0.0 0.0
3140.269781	0.0	0.0	0.0 0.0 0.0
3188.3033801999995	0.0	0.0	0.0 0.0 0.0
3236.5115889000003	0.0	0.0	0.0 0.0 0.0
3284.8798068000006	0.0	0.0	0.0 0.0 0.0
3333.3944987	0.0	0.0	0.0 0.0 0.0
3382.0431445	0.0	0.0	0.0 0.0 0.0
3430.814185	0.0	0.0	0.0 0.0 0.0
3479.696968	0.0	0.0	0.0 0.0 0.0
3528.6816927	0.0	0.0	0.0 0.0 0.0
3577.7593551	0.0	0.0	0.0 0.0 0.0
3626.9216939999997	0.0	0.0	0.0 0.0 0.0
3676.1611394	0.0	0.0	0.0 0.0 0.0
